===== Common Voice speaker-count scaling — final report =====
points=32  analyses=['female_only', 'male_only', 'pooled', 'within_sex']

[pooled]  slopes vs log2 N:  PR=0.183  Fano=0.706  summedMI=-0.037
       N    ceiling       PR      Fano   summedMI
    1000     9.966   11.806    9.067    26.852
    2000    10.966   12.218    9.916    26.756
    3000    11.551   12.355   10.407    26.738
    4000    11.966   12.320   10.624    26.692
    5000    12.288   12.359   10.800    26.743
    6000    12.551   12.390   10.930    26.714
    7000    12.773   12.390   11.113    26.728
    8000    12.966   12.438   11.247    26.731

[within_sex]  slopes vs log2 N:  PR=0.222  Fano=0.781  summedMI=0.010
       N    ceiling       PR      Fano   summedMI
    1000     8.966   14.489    8.142    23.809
    2000     9.966   15.014    8.972    23.816
    3000    10.551   15.156    9.469    23.817
    4000    10.966   15.173    9.780    23.751
    5000    11.288   15.187    9.965    23.835
    6000    11.551   15.220   10.178    23.814
    7000    11.773   15.233   10.340    23.830
    8000    11.966   15.221   10.530    23.857

[female_only]  slopes vs log2 N:  PR=0.218  Fano=0.757  summedMI=-0.032
       N    ceiling       PR      Fano   summedMI
     500     8.966   14.186    8.017    22.998
    1000     9.966   14.766    8.834    22.951
    1500    10.551   14.859    9.326    22.958
    2000    10.966   14.862    9.644    22.875
    2500    11.288   14.882    9.796    22.879
    3000    11.551   14.926    9.971    22.896
    3500    11.773   14.940   10.137    22.901
    4000    11.966   14.927   10.360    22.931

[male_only]  slopes vs log2 N:  PR=0.064  Fano=0.824  summedMI=0.053
       N    ceiling       PR      Fano   summedMI
     500     8.966   15.229    8.247    24.648
    1000     9.966   15.524    9.112    24.722
    1500    10.551   15.488    9.632    24.876
    2000    10.966   15.497    9.986    24.954
    2500    11.288   15.504   10.230    24.843
    3000    11.551   15.441   10.401    24.838
    3500    11.773   15.486   10.595    24.806
    4000    11.966   15.515   10.700    24.782

